24 7136536 16 3 1 
3lectron 15694028 31 7 2 
6 11128 12 1 1 
91 5167717 37 3 2 
Devlight 2968650 136 28 3 
amitshekhariitbhu 28659088 238 39 3 
Artnoc1 127303461 2282 259 124 
BoBoMEe 63912731 358 68 3 
bvalosek 1076771 23 1 1 
Bwaim 174579449 408 183 5 
akavel 25382890 60 3 1 
bootstraponline 89366884 3781 248 117 
ccat3z 9096182 109 10 1 
ccrama 139373282 151 25 1 
chathudan 121861032 762 50 8 
Chen-Xi-g 36114689 55 7 3 
ChenTianSaber 2295077 60 12 1 
chugh22 145978686 414 191 1 
chyrta 13328114 139 13 1 
codeestX 46039127 45 5 1 
CooLoongWu 380472315 1053 157 31 
corochann 727852085 1507 114 64 
Cuieney 158230295 480 82 15 
Curzibn 8580260 65 8 2 
cybex-dev 117019032 24 5 1 
daimajia 83168855 774 92 19 
danxinzhicheng 81209516 66 9 2 
datanapps 78113559 37 13 4 
deepak786 44782052 175 52 2 
doomers 258038095 477 86 31 
Dovar66 47800496 267 51 6 
dvinfosys 39155290 117 31 3 
dwmkerr 53767025 214 12 4 
foolish314159 1446622 23 2 1 
byhieg 8603472 54 39 1 
h6ah4i 21574320 2018 73 10 
halogenOS 319731013 4497 327 75 
hatamiarash7 14158978 653 23 3 
JsonChao 265561909 1405 150 4 
huize303 39639382 299 28 5 
HurTeng 24784749 59 1 1 
iAshishVerma 755219476 3707 272 111 
illuzor 3855128 101 6 1 
imjeevandeshmukh 5198648 93 9 2 
ISchwarz23 26405098 206 13 1 
JackWHLiu 153390772 350 22 5 
javiersantos 983431780 3154 236 89 
jenly1314 139403748 601 55 6 
